
(7 5 4 2 1) * (6 4 1 0)

(7 5 4 2 1) * 6 =     13    11 10   8 7
(7 5 4 2 1) * 4 =           11    9 8   6  5
(7 5 4 2 1) * 1 =                   8   6  5   3 2
(7 5 4 2 1) * 0 =                     7    5 4   2 1
XOR                   13       10 9 8      5 4 3   1


                      13       10 9 8      5 4 3   1
(8 4 3 1 0) * 5       13          9 8    6 5
XOR                            10        6   4 3   1

(8 4 3 1 0) * 2                10        6 5   3 2
XOR                                        5 4   2 1



(6 4 1 0) * (7 6 3 1)

{6 4 1 0) * 7 =   13    11      8 7
{6 4 1 0) * 6 =      12    10     7 6
{6 4 1 0) * 3 =               9   7     4 3
{6 4 1 0) * 1 =                   7   5     2 1

XOR               13 12 11 10 9 8   6 5 4 3 2 1          



                  13 12 11 10 9 8   6 5 4 3 2 1          
(8 4 3 1 0) * 5 = 13          9 8   6 5

XOR                  12 11 10           4 3 2 1
(8 4 3 1 0) * 4 =    12         8 7   5 4

XOR                     11 10   8 7   5   3 2 1
(8 4 3 1 0) * 3 =       11        7 6   4 3

XOR                        10   8   6 5 4   2 1
(8 4 3 1 0) * 2 =          10       6 5   3 2

XOR                             8       4 3   1
(8 4 3 1 0) * 0 =               8       4 3   1 0

XOR                                             0                 



 0011 1111 0111 1110
  ^10 0011 011
   -----------
   01 1100 0001 1110
   ^1 0001 1011
    -----------
    0 1101 1010 1110
     ^1000 1101 1
      -----------
      0101 0111 0110
      ^100 0110 11
       -----------
         1 0001 1010
         1 0001 1011
         -----------
                   1



0   (7   5 4   2 1   )     =       (7   5 4   2 1   )  =        (7   5 4   2 1   )
-----------------------------------------------------------------------------------
1   (7   5 4   2 1   ) * 1 =    ( 8   6 5   3 2     ) 
                               +( 8       4 3   1 0 )
                                --------------------
                                (     6 5 4   2 1 0 )        +  (  6 5 4   2 1 0 )
                                                             ---------------------
                                                                (7 6           0 )
----------------------------------------------------------------------------------
2   (  6 5 4   2 1 0 ) * 1 =    (   7 6 5   3 2 1   )
----------------------------------------------------------------------------------
3   (7 6 5   3 2 1   ) * 1 =    ( 8 7 6   4 3 2     )
                               +( 8       4 3   1 0 )
                               ---------------------
                                (   7 6       2 1 0 )
----------------------------------------------------------------------------------
4 (  7 6       2 1 0 ) * 1 =    ( 8 7       3 2 1   )
                               +( 8       4 3   1 0 )
                               ----------------------
                                (   7     4   2   0 )
                                                             + ( 7     4   2   0 )
                                                             ---------------------
                                                               (   6   4   2     )
----------------------------------------------------------------------------------
5 (  7    4    2   0 ) * 1 =     (8     5   3   1   )
                               +( 8       4 3   1 0 )
                               ----------------------
                                (       5 4       0 )
 ----------------------------------------------------------------------------------
6 (     5 4        0 ) * 1 =    (     6 5       1    )
                                                             + (   6 5       1   )
                                                             ---------------------
                                                               (     5 4   2 1   )








