string division
 100011011
 10
  00011011
     10
      1011
      10
       011
        10
         1
result:  1

string division
 100011011
 11
  10011011
  11
   1011011
   11
    111011
    11
     01011
      11
       111
       11
        01
result:  1

string division
 100011011
 111
  11011011
   111
     111011
     111
       0011
result:  11

string division
 100011011
  1011
    1111011
   1011
    100011
     1011
       1111
      1011
       100
result:  100

string division
 100011011
 1101
  10111011
  1101
   1101011
     1101
        0011
result:  11

string division
 100011011
   10011
      101011
     10011
       1101
result:  1101

string division
 100011011
 11001
  10001011
  11001
   1000011
   11001
    100111
    11001
     10101
     11001
      1100
result:  1100

string division
 100011011
 11101
  11001011
   11101
     100011
    11101
     11001
      11101
        100
result:  100

string division
 100011011
 11111
  11101011
    11111
       10011
     11111
      1100
result:  1100

found 30 candidates
100011011
100011101
100101011
100101101
100111001
100111111
101001101
101011111
101100011
101100101
101101001
101110001
101110111
101111011
110000111
110001011
110001101
110011111
110100011
110101001
110110001
110111101
111000011
111001111
111010111
111011101
111100111
111110011
111110101
111111001
